  TABLE 3 ESTIMATES OF 13-MONTH SMOOTH SOLAR ACTIVITY FOR
  BALANCE OF CYCLE 24 WITH A MEAN CYCLE GIVEN FOR CYCLE 25

    TIME         10.7 CM SOLAR FLUX   (F10.7)      GEOMAGNETIC INDEX   (Ap)
                         PERCENTILE                    PERCENTILE
                  95.0%       50%      5.0%     95.0%       50%      5.0% 

 2018.7503   OCT    70.8      70.0      68.7       7.6       6.8       6.0
 2018.8337   NOV    71.7      70.0      68.0       8.3       7.0       5.6
 2018.9170   DEC    72.3      69.9      67.5       8.5       7.1       5.3
 2019.0003   JAN    72.5      69.7      66.8       8.8       7.3       5.3
 2019.0837   FEB    72.2      69.4      66.2       9.4       7.6       5.6
 2019.1670   MAR    71.8      69.2      65.6      10.3       8.1       6.0
 2019.2503   APR    71.7      69.1      65.2      11.2       8.4       6.2
 2019.3337   MAY    72.0      69.0      64.9      11.5       8.6       6.4
 2019.4170   JUN    72.4      68.8      64.9      11.2       8.3       6.2
 2019.5003   JUL    72.7      68.8      65.2      10.8       7.9       5.8
 2019.5837   AUG    72.6      68.7      65.6      10.4       7.6       5.4
 2019.6670   SEP    72.6      68.6      65.8       9.9       7.6       5.6
 2019.7503   OCT    72.5      68.4      65.9       9.5       7.6       5.6
 2019.8337   NOV    72.1      68.3      65.9       9.4       7.6       5.5
 2019.9170   DEC    72.1      68.3      65.9       9.4       7.6       5.5
 2020.0003   JAN    72.2      68.4      65.9       9.6       7.7       5.5
 2020.0837   FEB    72.8      68.8      66.0       9.9       7.8       5.7
 2020.1670   MAR    73.7      69.1      66.1      10.0       7.9       6.0
 2020.2503   APR    74.5      69.5      66.1      10.2       8.0       6.1
 2020.3337   MAY    75.5      69.9      66.3      10.3       8.1       6.1
 2020.4170   JUN    77.1      70.5      66.4      10.5       8.2       5.9
 2020.5003   JUL    78.4      71.1      66.5      10.6       8.3       5.8
 2020.5837   AUG    79.9      71.7      66.7      10.9       8.5       5.6
 2020.6670   SEP    82.2      72.6      66.8      11.2       8.8       5.5
 2020.7503   OCT    85.1      73.5      66.9      11.6       9.1       5.7
 2020.8337   NOV    89.8      74.7      67.2      12.1       9.5       6.1
 2020.9170   DEC    94.2      76.1      67.3      12.9       9.8       6.4
 2021.0003   JAN    97.7      77.6      67.3      14.1      10.0       6.2
 2021.0837   FEB   102.8      79.4      67.3      14.5      10.3       6.2
 2021.1670   MAR   108.7      81.4      67.3      14.7      10.4       6.1
 2021.2503   APR   114.4      83.5      67.2      15.2      10.6       6.1
 2021.3337   MAY   121.7      85.8      67.5      16.4      10.9       6.2
 2021.4170   JUN   130.1      88.3      67.6      17.3      11.2       6.2
 2021.5003   JUL   136.7      91.0      67.8      17.5      11.3       6.2
 2021.5837   AUG   141.3      93.9      68.1      17.6      11.5       6.3
 2021.6670   SEP   145.8      96.7      68.1      17.4      11.7       6.2
 2021.7503   OCT   150.2      99.4      68.4      17.0      11.8       6.2
 2021.8337   NOV   155.0     102.4      68.8      16.9      11.8       6.3
 2021.9170   DEC   160.4     105.5      69.5      17.3      12.0       6.5
 2022.0003   JAN   165.6     108.5      69.8      17.2      12.1       6.7
 2022.0837   FEB   170.1     111.7      70.2      16.2      12.1       7.1
 2022.1670   MAR   176.1     115.0      70.4      16.3      12.4       7.2
 2022.2503   APR   183.6     118.2      71.0      16.8      12.5       7.3
 2022.3337   MAY   188.5     121.3      71.8      17.4      12.8       7.6
 2022.4170   JUN   191.0     124.2      72.2      18.0      13.2       8.0
 2022.5003   JUL   193.7     126.6      73.0      18.7      13.6       8.1
 2022.5837   AUG   196.7     128.9      73.6      18.7      13.7       8.1
 2022.6670   SEP   201.2     131.1      74.0      18.7      13.7       8.3
 2022.7503   OCT   207.4     133.6      74.5      18.9      13.8       8.5
 2022.8337   NOV   211.5     136.2      74.8      19.2      14.0       9.1
 2022.9170   DEC   214.3     138.7      75.0      19.5      14.0       9.7
 2023.0003   JAN   218.7     140.8      75.0      19.6      13.9      10.2
 2023.0837   FEB   223.2     142.8      74.9      19.7      13.7       9.9
 2023.1670   MAR   225.2     144.5      75.0      20.0      13.7       9.8
 2023.2503   APR   226.1     146.1      75.5      20.4      13.6       9.2
 2023.3337   MAY   228.0     147.5      75.8      21.1      13.5       8.8
 2023.4170   JUN   230.2     148.3      76.5      20.8      13.3       8.5
 2023.5003   JUL   233.1     149.2      77.8      19.7      13.1       8.6
 2023.5837   AUG   236.1     149.7      78.6      19.0      12.9       8.6
 2023.6670   SEP   237.5     149.9      79.5      18.4      12.8       8.9
 2023.7503   OCT   235.7     150.2      81.1      18.0      12.7       9.1
 2023.8337   NOV   233.6     150.4      82.7      17.9      12.6       9.1
 2023.9170   DEC   234.7     150.5      84.5      17.7      12.6       9.0
 2024.0003   JAN   235.2     149.6      85.3      17.5      12.8       9.0
 2024.0837   FEB   232.9     148.1      86.7      17.3      13.2       9.0
 2024.1670   MAR   229.7     147.2      88.4      17.3      13.3       8.8
 2024.2503   APR   226.2     146.8      89.6      17.8      13.2       8.4
 2024.3337   MAY   224.4     146.9      91.9      18.8      13.3       8.8
 2024.4170   JUN   224.8     147.3      93.1      20.4      13.6       9.2
 2024.5003   JUL   225.1     147.5      94.4      21.7      13.9       9.3
 2024.5837   AUG   223.8     147.1      94.7      22.4      14.0       9.5
 2024.6670   SEP   222.3     146.5      94.3      23.5      14.3       9.6
 2024.7503   OCT   221.8     146.0      94.3      24.0      14.5       9.8
 2024.8337   NOV   221.9     145.7      95.8      23.3      14.5      10.0
 2024.9170   DEC   221.4     145.6      96.6      23.2      14.5      10.3
 2025.0003   JAN   220.5     144.8      96.1      22.3      14.4      10.4
 2025.0837   FEB   218.3     143.6      95.3      20.5      14.4      10.4
 2025.1670   MAR   215.0     142.0      95.2      20.8      14.5      10.6
 2025.2503   APR   212.4     140.2      95.7      21.5      14.6      10.3
 2025.3337   MAY   209.7     138.6      95.2      21.5      14.6       9.6
 2025.4170   JUN   206.3     137.3      94.4      21.0      14.6       9.3
 2025.5003   JUL   205.2     135.9      95.0      20.4      14.5       9.3
 2025.5837   AUG   203.3     134.1      96.0      20.3      14.5       9.3
 2025.6670   SEP   199.9     132.2      95.1      21.1      14.7       9.3
 2025.7503   OCT   196.3     130.7      93.4      22.1      15.1       9.4
 2025.8337   NOV   193.9     129.3      92.7      22.3      15.3       9.4
 2025.9170   DEC   191.8     128.0      92.5      22.3      15.6       9.2
 2026.0003   JAN   187.9     126.2      90.6      22.3      15.7       9.1
 2026.0837   FEB   183.4     124.4      87.2      21.9      15.8       8.8
 2026.1670   MAR   179.0     123.0      86.8      20.9      15.8       9.0
 2026.2503   APR   175.2     122.0      87.6      21.1      15.8       9.2
 2026.3337   MAY   172.9     120.8      86.2      21.4      16.0       9.9
 2026.4170   JUN   170.9     119.5      85.2      21.5      16.2      10.4
 2026.5003   JUL   166.7     117.8      84.6      20.9      16.4      10.5
 2026.5837   AUG   160.2     115.8      83.7      20.0      16.2      10.7
 2026.6670   SEP   154.4     114.0      82.5      19.6      16.0      10.8
 2026.7503   OCT   150.8     112.1      81.4      20.1      15.7      11.0
 2026.8337   NOV   148.4     110.2      81.0      20.1      15.5      11.8
 2026.9170   DEC   145.9     108.5      81.0      20.5      15.5      11.6
 2027.0003   JAN   143.0     107.1      80.9      20.9      15.6      11.4
 2027.0837   FEB   139.9     105.5      79.8      20.7      15.4      11.6
 2027.1670   MAR   136.4     103.9      79.4      20.7      15.1      11.3
 2027.2503   APR   132.7     102.5      79.5      21.1      14.8      11.1
 2027.3337   MAY   128.4     100.9      78.9      21.3      14.5      10.6
 2027.4170   JUN   122.5      99.4      78.0      21.8      14.2       9.8
 2027.5003   JUL   118.3      97.9      76.6      22.5      14.0       9.0
 2027.5837   AUG   117.4      96.7      74.5      23.2      13.9       9.2
 2027.6670   SEP   117.5      95.6      73.4      23.7      13.9       9.3
 2027.7503   OCT   118.1      94.6      72.9      23.9      13.9       9.2
 2027.8337   NOV   118.4      93.7      72.5      23.8      13.9       9.3
 2027.9170   DEC   117.7      92.6      72.3      23.3      13.8       9.5
 2028.0003   JAN   116.2      91.4      71.9      22.4      13.6       9.7
 2028.0837   FEB   114.7      90.2      71.6      21.4      13.5       9.8
 2028.1670   MAR   112.6      89.2      70.8      20.9      13.6       9.7
 2028.2503   APR   109.0      88.1      70.3      20.5      13.7       9.6
 2028.3337   MAY   104.7      86.8      69.9      20.2      13.9       9.7
 2028.4170   JUN   102.0      85.8      69.6      19.7      13.9      10.0
 2028.5003   JUL   100.5      84.9      69.3      19.1      13.8      10.0
 2028.5837   AUG    99.0      84.1      69.4      18.3      13.5       9.8
 2028.6670   SEP    97.0      83.1      69.2      18.4      13.4       9.6
 2028.7503   OCT    95.4      82.0      68.7      18.5      13.2       9.3
 2028.8337   NOV    93.4      80.9      68.5      18.2      13.0       8.7
 2028.9170   DEC    92.4      80.1      68.4      17.8      12.8       8.2
 2029.0003   JAN    92.1      79.4      68.3      17.3      12.7       7.7
 2029.0837   FEB    91.2      78.8      68.2      16.6      12.7       7.2
 2029.1670   MAR    90.2      78.0      68.0      15.7      12.6       6.5
 2029.2503   APR    89.4      77.3      67.7      15.7      12.4       6.1
 2029.3337   MAY    88.5      76.7      67.4      15.8      12.3       6.2
 2029.4170   JUN    87.5      76.0      67.2      15.9      12.3       6.4
 2029.5003   JUL    86.6      75.4      67.3      15.9      12.2       6.8
 2029.5837   AUG    85.7      74.9      67.3      16.1      12.1       7.1
 2029.6670   SEP    84.3      74.4      67.4      16.4      12.0       7.1
 2029.7503   OCT    83.0      73.9      67.3      16.3      11.8       7.1
 2029.8337   NOV    81.0      73.3      67.3      16.0      11.5       7.0
 2029.9170   DEC    78.7      72.6      67.2      15.7      11.2       7.0
 2030.0003   JAN    77.2      71.9      66.9      14.7      10.8       6.9
 2030.0837   FEB    76.3      71.3      66.7      13.2      10.4       6.9
 2030.1670   MAR    75.8      70.8      66.5      12.2      10.0       6.8
 2030.2503   APR    75.7      70.4      66.5      12.3       9.6       6.7
 2030.3337   MAY    75.5      70.0      66.4      12.0       9.2       6.7
 2030.4170   JUN    75.3      69.7      66.1      11.6       8.9       6.4
 2030.5003   JUL    75.0      69.4      66.0      11.3       8.5       5.9
 2030.5837   AUG    74.0      69.1      66.0      11.0       8.3       5.6
 2030.6670   SEP    73.0      68.7      65.9      10.2       8.2       5.9
 2030.7503   OCT    72.8      68.5      65.9       9.7       8.0       5.7
